 0.006354  0.100000 -0.005100  0.000000  0.000000 -0.318799
 0.006354  0.100000  0.005100  0.000000  0.000000 -0.318799
 0.006354 -0.100000 -0.005100  0.000000  0.000000 -0.318799
 0.006354 -0.100000  0.005100  0.000000  0.000000 -0.318799

 0.006354  0.100000 -0.004100  0.000000  0.000000 -0.318799
 0.006354  0.100000  0.004500  0.000000  0.000000 -0.318799
 0.006354 -0.100000 -0.004100  0.000000  0.000000 -0.318799
 0.006354 -0.100000  0.004500  0.000000  0.000000 -0.318799

 0.006354  0.100000 -0.003900  0.000000  0.000000 -0.318799
 0.006354  0.100000  0.004300  0.000000  0.000000 -0.318799
 0.006354 -0.100000 -0.003900  0.000000  0.000000 -0.318799
 0.006354 -0.100000  0.004300  0.000000  0.000000 -0.318799

 0.006462  0.100000 -0.005100  0.000000  0.000000 -0.318799
 0.006462  0.100000  0.005100  0.000000  0.000000 -0.318799
 0.006462 -0.100000 -0.005100  0.000000  0.000000 -0.318799
 0.006462 -0.100000  0.005100  0.000000  0.000000 -0.318799

 0.006462  0.100000 -0.004100  0.000000  0.000000 -0.318799
 0.006462  0.100000  0.004500  0.000000  0.000000 -0.318799
 0.006462 -0.100000 -0.004100  0.000000  0.000000 -0.318799
 0.006462 -0.100000  0.004500  0.000000  0.000000 -0.318799

 0.006462  0.100000 -0.003900  0.000000  0.000000  5.916308
 0.006462  0.100000  0.004300  0.000000  0.000000  5.916308
 0.006462 -0.100000 -0.003900  0.000000  0.000000  5.916308
 0.006462 -0.100000  0.004300  0.000000  0.000000  5.916308

 0.007299  0.100000 -0.005100  0.000000  0.000000 -0.318799
 0.007299  0.100000  0.005100  0.000000  0.000000 -0.318799
 0.007299 -0.100000 -0.005100  0.000000  0.000000 -0.318799
 0.007299 -0.100000  0.005100  0.000000  0.000000 -0.318799

 0.007299  0.100000 -0.004100  0.000000  0.000000 -0.318799
 0.007299  0.100000  0.004500  0.000000  0.000000 -0.318799
 0.007299 -0.100000 -0.004100  0.000000  0.000000 -0.318799
 0.007299 -0.100000  0.004500  0.000000  0.000000 -0.318799

 0.007299  0.100000 -0.003900  0.000000  0.000000  6.422428
 0.007299  0.100000  0.004300  0.000000  0.000000  6.422428
 0.007299 -0.100000 -0.003900  0.000000  0.000000  6.422428
 0.007299 -0.100000  0.004300  0.000000  0.000000  6.422428

 0.008137  0.100000 -0.005100  0.000000  0.000000 -0.318799
 0.008137  0.100000  0.005100  0.000000  0.000000 -0.318799
 0.008137 -0.100000 -0.005100  0.000000  0.000000 -0.318799
 0.008137 -0.100000  0.005100  0.000000  0.000000 -0.318799

 0.008137  0.100000 -0.004100  0.000000  0.000000 -0.318799
 0.008137  0.100000  0.004500  0.000000  0.000000 -0.318799
 0.008137 -0.100000 -0.004100  0.000000  0.000000 -0.318799
 0.008137 -0.100000  0.004500  0.000000  0.000000 -0.318799

 0.008137  0.100000 -0.003900  0.000000  0.000000  6.771226
 0.008137  0.100000  0.004300  0.000000  0.000000  6.771226
 0.008137 -0.100000 -0.003900  0.000000  0.000000  6.771226
 0.008137 -0.100000  0.004300  0.000000  0.000000  6.771226

 0.008974  0.100000 -0.005100  0.000000  0.000000 -0.318799
 0.008974  0.100000  0.005100  0.000000  0.000000 -0.318799
 0.008974 -0.100000 -0.005100  0.000000  0.000000 -0.318799
 0.008974 -0.100000  0.005100  0.000000  0.000000 -0.318799

 0.008974  0.100000 -0.004100  0.000000  0.000000 -0.318799
 0.008974  0.100000  0.004500  0.000000  0.000000 -0.318799
 0.008974 -0.100000 -0.004100  0.000000  0.000000 -0.318799
 0.008974 -0.100000  0.004500  0.000000  0.000000 -0.318799

 0.008974  0.100000 -0.003900  0.000000  0.000000  6.962702
 0.008974  0.100000  0.004300  0.000000  0.000000  6.962702
 0.008974 -0.100000 -0.003900  0.000000  0.000000  6.962702
 0.008974 -0.100000  0.004300  0.000000  0.000000  6.962702

 0.009812  0.100000 -0.005100  0.000000  0.000000 -0.318799
 0.009812  0.100000  0.005100  0.000000  0.000000 -0.318799
 0.009812 -0.100000 -0.005100  0.000000  0.000000 -0.318799
 0.009812 -0.100000  0.005100  0.000000  0.000000 -0.318799

 0.009812  0.100000 -0.004100  0.000000  0.000000 -0.318799
 0.009812  0.100000  0.004500  0.000000  0.000000 -0.318799
 0.009812 -0.100000 -0.004100  0.000000  0.000000 -0.318799
 0.009812 -0.100000  0.004500  0.000000  0.000000 -0.318799

 0.009812  0.100000 -0.003900  0.000000  0.000000  6.996857
 0.009812  0.100000  0.004300  0.000000  0.000000  6.996857
 0.009812 -0.100000 -0.003900  0.000000  0.000000  6.996857
 0.009812 -0.100000  0.004300  0.000000  0.000000  6.996857

 0.010649  0.100000 -0.005100  0.000000  0.000000 -0.318799
 0.010649  0.100000  0.005100  0.000000  0.000000 -0.318799
 0.010649 -0.100000 -0.005100  0.000000  0.000000 -0.318799
 0.010649 -0.100000  0.005100  0.000000  0.000000 -0.318799

 0.010649  0.100000 -0.004100  0.000000  0.000000 -0.318799
 0.010649  0.100000  0.004500  0.000000  0.000000 -0.318799
 0.010649 -0.100000 -0.004100  0.000000  0.000000 -0.318799
 0.010649 -0.100000  0.004500  0.000000  0.000000 -0.318799

 0.010649  0.100000 -0.003900  0.000000  0.000000  6.873102
 0.010649  0.100000  0.004300  0.000000  0.000000  6.873102
 0.010649 -0.100000 -0.003900  0.000000  0.000000  6.873102
 0.010649 -0.100000  0.004300  0.000000  0.000000  6.873102

 0.011486  0.100000 -0.005100  0.000000  0.000000 -0.318799
 0.011486  0.100000  0.005100  0.000000  0.000000 -0.318799
 0.011486 -0.100000 -0.005100  0.000000  0.000000 -0.318799
 0.011486 -0.100000  0.005100  0.000000  0.000000 -0.318799

 0.011486  0.100000 -0.004100  0.000000  0.000000 -0.318799
 0.011486  0.100000  0.004500  0.000000  0.000000 -0.318799
 0.011486 -0.100000 -0.004100  0.000000  0.000000 -0.318799
 0.011486 -0.100000  0.004500  0.000000  0.000000 -0.318799

 0.011486  0.100000 -0.003900  0.000000  0.000000  6.591971
 0.011486  0.100000  0.004300  0.000000  0.000000  6.591971
 0.011486 -0.100000 -0.003900  0.000000  0.000000  6.591971
 0.011486 -0.100000  0.004300  0.000000  0.000000  6.591971

 0.012324  0.100000 -0.005100  0.000000  0.000000 -0.318799
 0.012324  0.100000  0.005100  0.000000  0.000000 -0.318799
 0.012324 -0.100000 -0.005100  0.000000  0.000000 -0.318799
 0.012324 -0.100000  0.005100  0.000000  0.000000 -0.318799

 0.012324  0.100000 -0.004100  0.000000  0.000000 -0.318799
 0.012324  0.100000  0.004500  0.000000  0.000000 -0.318799
 0.012324 -0.100000 -0.004100  0.000000  0.000000 -0.318799
 0.012324 -0.100000  0.004500  0.000000  0.000000 -0.318799

 0.012324  0.100000 -0.003900  0.000000  0.000000  6.153519
 0.012324  0.100000  0.004300  0.000000  0.000000  6.153519
 0.012324 -0.100000 -0.003900  0.000000  0.000000  6.153519
 0.012324 -0.100000  0.004300  0.000000  0.000000  6.153519

 0.013161  0.100000 -0.005100  0.000000  0.000000 -0.318799
 0.013161  0.100000  0.005100  0.000000  0.000000 -0.318799
 0.013161 -0.100000 -0.005100  0.000000  0.000000 -0.318799
 0.013161 -0.100000  0.005100  0.000000  0.000000 -0.318799

 0.013161  0.100000 -0.004100  0.000000  0.000000 -0.318799
 0.013161  0.100000  0.004500  0.000000  0.000000 -0.318799
 0.013161 -0.100000 -0.004100  0.000000  0.000000 -0.318799
 0.013161 -0.100000  0.004500  0.000000  0.000000 -0.318799

 0.013161  0.100000 -0.003900  0.000000  0.000000  5.628104
 0.013161  0.100000  0.004300  0.000000  0.000000  5.628104
 0.013161 -0.100000 -0.003900  0.000000  0.000000  5.628104
 0.013161 -0.100000  0.004300  0.000000  0.000000  5.628104

 0.013998  0.100000 -0.005100  0.000000  0.000000 -0.318799
 0.013998  0.100000  0.005100  0.000000  0.000000 -0.318799
 0.013998 -0.100000 -0.005100  0.000000  0.000000 -0.318799
 0.013998 -0.100000  0.005100  0.000000  0.000000 -0.318799

 0.013998  0.100000 -0.004100  0.000000  0.000000 -0.318799
 0.013998  0.100000  0.004500  0.000000  0.000000 -0.318799
 0.013998 -0.100000 -0.004100  0.000000  0.000000 -0.318799
 0.013998 -0.100000  0.004500  0.000000  0.000000 -0.318799

 0.013998  0.100000 -0.003900  0.000000  0.000000  4.919601
 0.013998  0.100000  0.004300  0.000000  0.000000  4.919601
 0.013998 -0.100000 -0.003900  0.000000  0.000000  4.919601
 0.013998 -0.100000  0.004300  0.000000  0.000000  4.919601

 0.014836  0.100000 -0.005100  0.000000  0.000000 -0.318799
 0.014836  0.100000  0.005100  0.000000  0.000000 -0.318799
 0.014836 -0.100000 -0.005100  0.000000  0.000000 -0.318799
 0.014836 -0.100000  0.005100  0.000000  0.000000 -0.318799

 0.014836  0.100000 -0.004100  0.000000  0.000000 -0.318799
 0.014836  0.100000  0.004500  0.000000  0.000000 -0.318799
 0.014836 -0.100000 -0.004100  0.000000  0.000000 -0.318799
 0.014836 -0.100000  0.004500  0.000000  0.000000 -0.318799

 0.014836  0.100000 -0.003900  0.000000  0.000000  3.918624
 0.014836  0.100000  0.004300  0.000000  0.000000  3.918624
 0.014836 -0.100000 -0.003900  0.000000  0.000000  3.918624
 0.014836 -0.100000  0.004300  0.000000  0.000000  3.918624

 0.015673  0.100000 -0.005100  0.000000  0.000000 -0.318799
 0.015673  0.100000  0.005100  0.000000  0.000000 -0.318799
 0.015673 -0.100000 -0.005100  0.000000  0.000000 -0.318799
 0.015673 -0.100000  0.005100  0.000000  0.000000 -0.318799

 0.015673  0.100000 -0.004100  0.000000  0.000000 -0.318799
 0.015673  0.100000  0.004500  0.000000  0.000000 -0.318799
 0.015673 -0.100000 -0.004100  0.000000  0.000000 -0.318799
 0.015673 -0.100000  0.004500  0.000000  0.000000 -0.318799

 0.015673  0.100000 -0.003900  0.000000  0.000000  2.797984
 0.015673  0.100000  0.004300  0.000000  0.000000  2.797984
 0.015673 -0.100000 -0.003900  0.000000  0.000000  2.797984
 0.015673 -0.100000  0.004300  0.000000  0.000000  2.797984

 0.016511  0.100000 -0.005100  0.000000  0.000000 -0.318799
 0.016511  0.100000  0.005100  0.000000  0.000000 -0.318799
 0.016511 -0.100000 -0.005100  0.000000  0.000000 -0.318799
 0.016511 -0.100000  0.005100  0.000000  0.000000 -0.318799

 0.016511  0.100000 -0.004100  0.000000  0.000000 -0.318799
 0.016511  0.100000  0.004500  0.000000  0.000000 -0.318799
 0.016511 -0.100000 -0.004100  0.000000  0.000000 -0.318799
 0.016511 -0.100000  0.004500  0.000000  0.000000 -0.318799

 0.016511  0.100000 -0.003900  0.000000  0.000000  1.474989
 0.016511  0.100000  0.004300  0.000000  0.000000  1.474989
 0.016511 -0.100000 -0.003900  0.000000  0.000000  1.474989
 0.016511 -0.100000  0.004300  0.000000  0.000000  1.474989

 0.017348  0.100000 -0.005100  0.000000  0.000000 -0.318799
 0.017348  0.100000  0.005100  0.000000  0.000000 -0.318799
 0.017348 -0.100000 -0.005100  0.000000  0.000000 -0.318799
 0.017348 -0.100000  0.005100  0.000000  0.000000 -0.318799

 0.017348  0.100000 -0.004100  0.000000  0.000000 -0.318799
 0.017348  0.100000  0.004500  0.000000  0.000000 -0.318799
 0.017348 -0.100000 -0.004100  0.000000  0.000000 -0.318799
 0.017348 -0.100000  0.004500  0.000000  0.000000 -0.318799

 0.017348  0.100000 -0.003900  0.000000  0.000000 -0.099988
 0.017348  0.100000  0.004300  0.000000  0.000000 -0.099988
 0.017348 -0.100000 -0.003900  0.000000  0.000000 -0.099988
 0.017348 -0.100000  0.004300  0.000000  0.000000 -0.099988

 0.018185  0.100000 -0.005100  0.000000  0.000000 -0.318799
 0.018185  0.100000  0.005100  0.000000  0.000000 -0.318799
 0.018185 -0.100000 -0.005100  0.000000  0.000000 -0.318799
 0.018185 -0.100000  0.005100  0.000000  0.000000 -0.318799

 0.018185  0.100000 -0.004100  0.000000  0.000000 -0.318799
 0.018185  0.100000  0.004500  0.000000  0.000000 -0.318799
 0.018185 -0.100000 -0.004100  0.000000  0.000000 -0.318799
 0.018185 -0.100000  0.004500  0.000000  0.000000 -0.318799

 0.018185  0.100000 -0.003900  0.000000  0.000000 -1.771088
 0.018185  0.100000  0.004300  0.000000  0.000000 -1.771088
 0.018185 -0.100000 -0.003900  0.000000  0.000000 -1.771088
 0.018185 -0.100000  0.004300  0.000000  0.000000 -1.771088

 0.019023  0.100000 -0.005100  0.000000  0.000000 -0.318799
 0.019023  0.100000  0.005100  0.000000  0.000000 -0.318799
 0.019023 -0.100000 -0.005100  0.000000  0.000000 -0.318799
 0.019023 -0.100000  0.005100  0.000000  0.000000 -0.318799

 0.019023  0.100000 -0.004100  0.000000  0.000000 -0.318799
 0.019023  0.100000  0.004500  0.000000  0.000000 -0.318799
 0.019023 -0.100000 -0.004100  0.000000  0.000000 -0.318799
 0.019023 -0.100000  0.004500  0.000000  0.000000 -0.318799

 0.019023  0.100000 -0.003900  0.000000  0.000000 -3.336496
 0.019023  0.100000  0.004300  0.000000  0.000000 -3.336496
 0.019023 -0.100000 -0.003900  0.000000  0.000000 -3.336496
 0.019023 -0.100000  0.004300  0.000000  0.000000 -3.336496

 0.019860  0.100000 -0.005100  0.000000  0.000000 -0.318799
 0.019860  0.100000  0.005100  0.000000  0.000000 -0.318799
 0.019860 -0.100000 -0.005100  0.000000  0.000000 -0.318799
 0.019860 -0.100000  0.005100  0.000000  0.000000 -0.318799

 0.019860  0.100000 -0.004100  0.000000  0.000000 -0.318799
 0.019860  0.100000  0.004500  0.000000  0.000000 -0.318799
 0.019860 -0.100000 -0.004100  0.000000  0.000000 -0.318799
 0.019860 -0.100000  0.004500  0.000000  0.000000 -0.318799

 0.019860  0.100000 -0.003900  0.000000  0.000000 -4.586836
 0.019860  0.100000  0.004300  0.000000  0.000000 -4.586836
 0.019860 -0.100000 -0.003900  0.000000  0.000000 -4.586836
 0.019860 -0.100000  0.004300  0.000000  0.000000 -4.586836

 0.020697  0.100000 -0.005100  0.000000  0.000000 -0.318799
 0.020697  0.100000  0.005100  0.000000  0.000000 -0.318799
 0.020697 -0.100000 -0.005100  0.000000  0.000000 -0.318799
 0.020697 -0.100000  0.005100  0.000000  0.000000 -0.318799

 0.020697  0.100000 -0.004100  0.000000  0.000000 -0.318799
 0.020697  0.100000  0.004500  0.000000  0.000000 -0.318799
 0.020697 -0.100000 -0.004100  0.000000  0.000000 -0.318799
 0.020697 -0.100000  0.004500  0.000000  0.000000 -0.318799

 0.020697  0.100000 -0.003900  0.000000  0.000000 -5.414132
 0.020697  0.100000  0.004300  0.000000  0.000000 -5.414132
 0.020697 -0.100000 -0.003900  0.000000  0.000000 -5.414132
 0.020697 -0.100000  0.004300  0.000000  0.000000 -5.414132

 0.021535  0.100000 -0.005100  0.000000  0.000000 -0.318799
 0.021535  0.100000  0.005100  0.000000  0.000000 -0.318799
 0.021535 -0.100000 -0.005100  0.000000  0.000000 -0.318799
 0.021535 -0.100000  0.005100  0.000000  0.000000 -0.318799

 0.021535  0.100000 -0.004100  0.000000  0.000000 -0.318799
 0.021535  0.100000  0.004500  0.000000  0.000000 -0.318799
 0.021535 -0.100000 -0.004100  0.000000  0.000000 -0.318799
 0.021535 -0.100000  0.004500  0.000000  0.000000 -0.318799

 0.021535  0.100000 -0.003900  0.000000  0.000000 -5.772510
 0.021535  0.100000  0.004300  0.000000  0.000000 -5.772510
 0.021535 -0.100000 -0.003900  0.000000  0.000000 -5.772510
 0.021535 -0.100000  0.004300  0.000000  0.000000 -5.772510

 0.022372  0.100000 -0.005100  0.000000  0.000000 -0.318799
 0.022372  0.100000  0.005100  0.000000  0.000000 -0.318799
 0.022372 -0.100000 -0.005100  0.000000  0.000000 -0.318799
 0.022372 -0.100000  0.005100  0.000000  0.000000 -0.318799

 0.022372  0.100000 -0.004100  0.000000  0.000000 -0.318799
 0.022372  0.100000  0.004500  0.000000  0.000000 -0.318799
 0.022372 -0.100000 -0.004100  0.000000  0.000000 -0.318799
 0.022372 -0.100000  0.004500  0.000000  0.000000 -0.318799

 0.022372  0.100000 -0.003900  0.000000  0.000000 -5.823235
 0.022372  0.100000  0.004300  0.000000  0.000000 -5.823235
 0.022372 -0.100000 -0.003900  0.000000  0.000000 -5.823235
 0.022372 -0.100000  0.004300  0.000000  0.000000 -5.823235

 0.023210  0.100000 -0.005100  0.000000  0.000000 -0.318799
 0.023210  0.100000  0.005100  0.000000  0.000000 -0.318799
 0.023210 -0.100000 -0.005100  0.000000  0.000000 -0.318799
 0.023210 -0.100000  0.005100  0.000000  0.000000 -0.318799

 0.023210  0.100000 -0.004100  0.000000  0.000000 -0.318799
 0.023210  0.100000  0.004500  0.000000  0.000000 -0.318799
 0.023210 -0.100000 -0.004100  0.000000  0.000000 -0.318799
 0.023210 -0.100000  0.004500  0.000000  0.000000 -0.318799

 0.023210  0.100000 -0.003900  0.000000  0.000000 -5.419217
 0.023210  0.100000  0.004300  0.000000  0.000000 -5.419217
 0.023210 -0.100000 -0.003900  0.000000  0.000000 -5.419217
 0.023210 -0.100000  0.004300  0.000000  0.000000 -5.419217

 0.024047  0.100000 -0.005100  0.000000  0.000000 -0.318799
 0.024047  0.100000  0.005100  0.000000  0.000000 -0.318799
 0.024047 -0.100000 -0.005100  0.000000  0.000000 -0.318799
 0.024047 -0.100000  0.005100  0.000000  0.000000 -0.318799

 0.024047  0.100000 -0.004100  0.000000  0.000000 -0.318799
 0.024047  0.100000  0.004500  0.000000  0.000000 -0.318799
 0.024047 -0.100000 -0.004100  0.000000  0.000000 -0.318799
 0.024047 -0.100000  0.004500  0.000000  0.000000 -0.318799

 0.024047  0.100000 -0.003900  0.000000  0.000000 -4.820130
 0.024047  0.100000  0.004300  0.000000  0.000000 -4.820130
 0.024047 -0.100000 -0.003900  0.000000  0.000000 -4.820130
 0.024047 -0.100000  0.004300  0.000000  0.000000 -4.820130

 0.024884  0.100000 -0.005100  0.000000  0.000000 -0.318799
 0.024884  0.100000  0.005100  0.000000  0.000000 -0.318799
 0.024884 -0.100000 -0.005100  0.000000  0.000000 -0.318799
 0.024884 -0.100000  0.005100  0.000000  0.000000 -0.318799

 0.024884  0.100000 -0.004100  0.000000  0.000000 -0.318799
 0.024884  0.100000  0.004500  0.000000  0.000000 -0.318799
 0.024884 -0.100000 -0.004100  0.000000  0.000000 -0.318799
 0.024884 -0.100000  0.004500  0.000000  0.000000 -0.318799

 0.024884  0.100000 -0.003900  0.000000  0.000000 -4.255992
 0.024884  0.100000  0.004300  0.000000  0.000000 -4.255992
 0.024884 -0.100000 -0.003900  0.000000  0.000000 -4.255992
 0.024884 -0.100000  0.004300  0.000000  0.000000 -4.255992

 0.025722  0.100000 -0.005100  0.000000  0.000000 -0.318799
 0.025722  0.100000  0.005100  0.000000  0.000000 -0.318799
 0.025722 -0.100000 -0.005100  0.000000  0.000000 -0.318799
 0.025722 -0.100000  0.005100  0.000000  0.000000 -0.318799

 0.025722  0.100000 -0.004100  0.000000  0.000000 -0.318799
 0.025722  0.100000  0.004500  0.000000  0.000000 -0.318799
 0.025722 -0.100000 -0.004100  0.000000  0.000000 -0.318799
 0.025722 -0.100000  0.004500  0.000000  0.000000 -0.318799

 0.025722  0.100000 -0.003900  0.000000  0.000000 -3.760274
 0.025722  0.100000  0.004300  0.000000  0.000000 -3.760274
 0.025722 -0.100000 -0.003900  0.000000  0.000000 -3.760274
 0.025722 -0.100000  0.004300  0.000000  0.000000 -3.760274

 0.026559  0.100000 -0.005100  0.000000  0.000000 -0.318799
 0.026559  0.100000  0.005100  0.000000  0.000000 -0.318799
 0.026559 -0.100000 -0.005100  0.000000  0.000000 -0.318799
 0.026559 -0.100000  0.005100  0.000000  0.000000 -0.318799

 0.026559  0.100000 -0.004100  0.000000  0.000000 -0.318799
 0.026559  0.100000  0.004500  0.000000  0.000000 -0.318799
 0.026559 -0.100000 -0.004100  0.000000  0.000000 -0.318799
 0.026559 -0.100000  0.004500  0.000000  0.000000 -0.318799

 0.026559  0.100000 -0.003900  0.000000  0.000000 -3.322415
 0.026559  0.100000  0.004300  0.000000  0.000000 -3.322415
 0.026559 -0.100000 -0.003900  0.000000  0.000000 -3.322415
 0.026559 -0.100000  0.004300  0.000000  0.000000 -3.322415

 0.027397  0.100000 -0.005100  0.000000  0.000000 -0.318799
 0.027397  0.100000  0.005100  0.000000  0.000000 -0.318799
 0.027397 -0.100000 -0.005100  0.000000  0.000000 -0.318799
 0.027397 -0.100000  0.005100  0.000000  0.000000 -0.318799

 0.027397  0.100000 -0.004100  0.000000  0.000000 -0.318799
 0.027397  0.100000  0.004500  0.000000  0.000000 -0.318799
 0.027397 -0.100000 -0.004100  0.000000  0.000000 -0.318799
 0.027397 -0.100000  0.004500  0.000000  0.000000 -0.318799

 0.027397  0.100000 -0.003900  0.000000  0.000000 -2.930108
 0.027397  0.100000  0.004300  0.000000  0.000000 -2.930108
 0.027397 -0.100000 -0.003900  0.000000  0.000000 -2.930108
 0.027397 -0.100000  0.004300  0.000000  0.000000 -2.930108

 0.028234  0.100000 -0.005100  0.000000  0.000000 -0.318799
 0.028234  0.100000  0.005100  0.000000  0.000000 -0.318799
 0.028234 -0.100000 -0.005100  0.000000  0.000000 -0.318799
 0.028234 -0.100000  0.005100  0.000000  0.000000 -0.318799

 0.028234  0.100000 -0.004100  0.000000  0.000000 -0.318799
 0.028234  0.100000  0.004500  0.000000  0.000000 -0.318799
 0.028234 -0.100000 -0.004100  0.000000  0.000000 -0.318799
 0.028234 -0.100000  0.004500  0.000000  0.000000 -0.318799

 0.028234  0.100000 -0.003900  0.000000  0.000000 -2.784459
 0.028234  0.100000  0.004300  0.000000  0.000000 -2.784459
 0.028234 -0.100000 -0.003900  0.000000  0.000000 -2.784459
 0.028234 -0.100000  0.004300  0.000000  0.000000 -2.784459

 0.029071  0.100000 -0.005100  0.000000  0.000000 -0.318799
 0.029071  0.100000  0.005100  0.000000  0.000000 -0.318799
 0.029071 -0.100000 -0.005100  0.000000  0.000000 -0.318799
 0.029071 -0.100000  0.005100  0.000000  0.000000 -0.318799

 0.029071  0.100000 -0.004100  0.000000  0.000000 -0.318799
 0.029071  0.100000  0.004500  0.000000  0.000000 -0.318799
 0.029071 -0.100000 -0.004100  0.000000  0.000000 -0.318799
 0.029071 -0.100000  0.004500  0.000000  0.000000 -0.318799

 0.029071  0.100000 -0.003900  0.000000  0.000000 -2.775885
 0.029071  0.100000  0.004300  0.000000  0.000000 -2.775885
 0.029071 -0.100000 -0.003900  0.000000  0.000000 -2.775885
 0.029071 -0.100000  0.004300  0.000000  0.000000 -2.775885

 0.029909  0.100000 -0.005100  0.000000  0.000000 -0.318799
 0.029909  0.100000  0.005100  0.000000  0.000000 -0.318799
 0.029909 -0.100000 -0.005100  0.000000  0.000000 -0.318799
 0.029909 -0.100000  0.005100  0.000000  0.000000 -0.318799

 0.029909  0.100000 -0.004100  0.000000  0.000000 -0.318799
 0.029909  0.100000  0.004500  0.000000  0.000000 -0.318799
 0.029909 -0.100000 -0.004100  0.000000  0.000000 -0.318799
 0.029909 -0.100000  0.004500  0.000000  0.000000 -0.318799

 0.029909  0.100000 -0.003900  0.000000  0.000000 -2.718663
 0.029909  0.100000  0.004300  0.000000  0.000000 -2.718663
 0.029909 -0.100000 -0.003900  0.000000  0.000000 -2.718663
 0.029909 -0.100000  0.004300  0.000000  0.000000 -2.718663

 0.030746  0.100000 -0.005100  0.000000  0.000000 -0.318799
 0.030746  0.100000  0.005100  0.000000  0.000000 -0.318799
 0.030746 -0.100000 -0.005100  0.000000  0.000000 -0.318799
 0.030746 -0.100000  0.005100  0.000000  0.000000 -0.318799

 0.030746  0.100000 -0.004100  0.000000  0.000000 -0.318799
 0.030746  0.100000  0.004500  0.000000  0.000000 -0.318799
 0.030746 -0.100000 -0.004100  0.000000  0.000000 -0.318799
 0.030746 -0.100000  0.004500  0.000000  0.000000 -0.318799

 0.030746  0.100000 -0.003900  0.000000  0.000000 -2.618384
 0.030746  0.100000  0.004300  0.000000  0.000000 -2.618384
 0.030746 -0.100000 -0.003900  0.000000  0.000000 -2.618384
 0.030746 -0.100000  0.004300  0.000000  0.000000 -2.618384

 0.031583  0.100000 -0.005100  0.000000  0.000000 -0.318799
 0.031583  0.100000  0.005100  0.000000  0.000000 -0.318799
 0.031583 -0.100000 -0.005100  0.000000  0.000000 -0.318799
 0.031583 -0.100000  0.005100  0.000000  0.000000 -0.318799

 0.031583  0.100000 -0.004100  0.000000  0.000000 -0.318799
 0.031583  0.100000  0.004500  0.000000  0.000000 -0.318799
 0.031583 -0.100000 -0.004100  0.000000  0.000000 -0.318799
 0.031583 -0.100000  0.004500  0.000000  0.000000 -0.318799

 0.031583  0.100000 -0.003900  0.000000  0.000000 -2.454073
 0.031583  0.100000  0.004300  0.000000  0.000000 -2.454073
 0.031583 -0.100000 -0.003900  0.000000  0.000000 -2.454073
 0.031583 -0.100000  0.004300  0.000000  0.000000 -2.454073

 0.032421  0.100000 -0.005100  0.000000  0.000000 -0.318799
 0.032421  0.100000  0.005100  0.000000  0.000000 -0.318799
 0.032421 -0.100000 -0.005100  0.000000  0.000000 -0.318799
 0.032421 -0.100000  0.005100  0.000000  0.000000 -0.318799

 0.032421  0.100000 -0.004100  0.000000  0.000000 -0.318799
 0.032421  0.100000  0.004500  0.000000  0.000000 -0.318799
 0.032421 -0.100000 -0.004100  0.000000  0.000000 -0.318799
 0.032421 -0.100000  0.004500  0.000000  0.000000 -0.318799

 0.032421  0.100000 -0.003900  0.000000  0.000000 -2.199785
 0.032421  0.100000  0.004300  0.000000  0.000000 -2.199785
 0.032421 -0.100000 -0.003900  0.000000  0.000000 -2.199785
 0.032421 -0.100000  0.004300  0.000000  0.000000 -2.199785

 0.033258  0.100000 -0.005100  0.000000  0.000000 -0.318799
 0.033258  0.100000  0.005100  0.000000  0.000000 -0.318799
 0.033258 -0.100000 -0.005100  0.000000  0.000000 -0.318799
 0.033258 -0.100000  0.005100  0.000000  0.000000 -0.318799

 0.033258  0.100000 -0.004100  0.000000  0.000000 -0.318799
 0.033258  0.100000  0.004500  0.000000  0.000000 -0.318799
 0.033258 -0.100000 -0.004100  0.000000  0.000000 -0.318799
 0.033258 -0.100000  0.004500  0.000000  0.000000 -0.318799

 0.033258  0.100000 -0.003900  0.000000  0.000000 -1.852843
 0.033258  0.100000  0.004300  0.000000  0.000000 -1.852843
 0.033258 -0.100000 -0.003900  0.000000  0.000000 -1.852843
 0.033258 -0.100000  0.004300  0.000000  0.000000 -1.852843

 0.034096  0.100000 -0.005100  0.000000  0.000000 -0.318799
 0.034096  0.100000  0.005100  0.000000  0.000000 -0.318799
 0.034096 -0.100000 -0.005100  0.000000  0.000000 -0.318799
 0.034096 -0.100000  0.005100  0.000000  0.000000 -0.318799

 0.034096  0.100000 -0.004100  0.000000  0.000000 -0.318799
 0.034096  0.100000  0.004500  0.000000  0.000000 -0.318799
 0.034096 -0.100000 -0.004100  0.000000  0.000000 -0.318799
 0.034096 -0.100000  0.004500  0.000000  0.000000 -0.318799

 0.034096  0.100000 -0.003900  0.000000  0.000000 -1.388131
 0.034096  0.100000  0.004300  0.000000  0.000000 -1.388131
 0.034096 -0.100000 -0.003900  0.000000  0.000000 -1.388131
 0.034096 -0.100000  0.004300  0.000000  0.000000 -1.388131

 0.034933  0.100000 -0.005100  0.000000  0.000000 -0.318799
 0.034933  0.100000  0.005100  0.000000  0.000000 -0.318799
 0.034933 -0.100000 -0.005100  0.000000  0.000000 -0.318799
 0.034933 -0.100000  0.005100  0.000000  0.000000 -0.318799

 0.034933  0.100000 -0.004100  0.000000  0.000000 -0.318799
 0.034933  0.100000  0.004500  0.000000  0.000000 -0.318799
 0.034933 -0.100000 -0.004100  0.000000  0.000000 -0.318799
 0.034933 -0.100000  0.004500  0.000000  0.000000 -0.318799

 0.034933  0.100000 -0.003900  0.000000  0.000000 -0.843009
 0.034933  0.100000  0.004300  0.000000  0.000000 -0.843009
 0.034933 -0.100000 -0.003900  0.000000  0.000000 -0.843009
 0.034933 -0.100000  0.004300  0.000000  0.000000 -0.843009

 0.035770  0.100000 -0.005100  0.000000  0.000000 -0.318799
 0.035770  0.100000  0.005100  0.000000  0.000000 -0.318799
 0.035770 -0.100000 -0.005100  0.000000  0.000000 -0.318799
 0.035770 -0.100000  0.005100  0.000000  0.000000 -0.318799

 0.035770  0.100000 -0.004100  0.000000  0.000000 -0.318799
 0.035770  0.100000  0.004500  0.000000  0.000000 -0.318799
 0.035770 -0.100000 -0.004100  0.000000  0.000000 -0.318799
 0.035770 -0.100000  0.004500  0.000000  0.000000 -0.318799

 0.035770  0.100000 -0.003900  0.000000  0.000000 -0.437566
 0.035770  0.100000  0.004300  0.000000  0.000000 -0.437566
 0.035770 -0.100000 -0.003900  0.000000  0.000000 -0.437566
 0.035770 -0.100000  0.004300  0.000000  0.000000 -0.437566

 0.036608  0.100000 -0.005100  0.000000  0.000000 -0.318799
 0.036608  0.100000  0.005100  0.000000  0.000000 -0.318799
 0.036608 -0.100000 -0.005100  0.000000  0.000000 -0.318799
 0.036608 -0.100000  0.005100  0.000000  0.000000 -0.318799

 0.036608  0.100000 -0.004100  0.000000  0.000000 -0.318799
 0.036608  0.100000  0.004500  0.000000  0.000000 -0.318799
 0.036608 -0.100000 -0.004100  0.000000  0.000000 -0.318799
 0.036608 -0.100000  0.004500  0.000000  0.000000 -0.318799

 0.036608  0.100000 -0.003900  0.000000  0.000000 -0.036559
 0.036608  0.100000  0.004300  0.000000  0.000000 -0.036559
 0.036608 -0.100000 -0.003900  0.000000  0.000000 -0.036559
 0.036608 -0.100000  0.004300  0.000000  0.000000 -0.036559

 0.037445  0.100000 -0.005100  0.000000  0.000000 -0.318799
 0.037445  0.100000  0.005100  0.000000  0.000000 -0.318799
 0.037445 -0.100000 -0.005100  0.000000  0.000000 -0.318799
 0.037445 -0.100000  0.005100  0.000000  0.000000 -0.318799

 0.037445  0.100000 -0.004100  0.000000  0.000000 -0.318799
 0.037445  0.100000  0.004500  0.000000  0.000000 -0.318799
 0.037445 -0.100000 -0.004100  0.000000  0.000000 -0.318799
 0.037445 -0.100000  0.004500  0.000000  0.000000 -0.318799

 0.037445  0.100000 -0.003900  0.000000  0.000000  0.425329
 0.037445  0.100000  0.004300  0.000000  0.000000  0.425329
 0.037445 -0.100000 -0.003900  0.000000  0.000000  0.425329
 0.037445 -0.100000  0.004300  0.000000  0.000000  0.425329

 0.038282  0.100000 -0.005100  0.000000  0.000000 -0.318799
 0.038282  0.100000  0.005100  0.000000  0.000000 -0.318799
 0.038282 -0.100000 -0.005100  0.000000  0.000000 -0.318799
 0.038282 -0.100000  0.005100  0.000000  0.000000 -0.318799

 0.038282  0.100000 -0.004100  0.000000  0.000000 -0.318799
 0.038282  0.100000  0.004500  0.000000  0.000000 -0.318799
 0.038282 -0.100000 -0.004100  0.000000  0.000000 -0.318799
 0.038282 -0.100000  0.004500  0.000000  0.000000 -0.318799

 0.038282  0.100000 -0.003900  0.000000  0.000000  0.957409
 0.038282  0.100000  0.004300  0.000000  0.000000  0.957409
 0.038282 -0.100000 -0.003900  0.000000  0.000000  0.957409
 0.038282 -0.100000  0.004300  0.000000  0.000000  0.957409

 0.039120  0.100000 -0.005100  0.000000  0.000000 -0.318799
 0.039120  0.100000  0.005100  0.000000  0.000000 -0.318799
 0.039120 -0.100000 -0.005100  0.000000  0.000000 -0.318799
 0.039120 -0.100000  0.005100  0.000000  0.000000 -0.318799

 0.039120  0.100000 -0.004100  0.000000  0.000000 -0.318799
 0.039120  0.100000  0.004500  0.000000  0.000000 -0.318799
 0.039120 -0.100000 -0.004100  0.000000  0.000000 -0.318799
 0.039120 -0.100000  0.004500  0.000000  0.000000 -0.318799

 0.039120  0.100000 -0.003900  0.000000  0.000000  1.518035
 0.039120  0.100000  0.004300  0.000000  0.000000  1.518035
 0.039120 -0.100000 -0.003900  0.000000  0.000000  1.518035
 0.039120 -0.100000  0.004300  0.000000  0.000000  1.518035

 0.039957  0.100000 -0.005100  0.000000  0.000000 -0.318799
 0.039957  0.100000  0.005100  0.000000  0.000000 -0.318799
 0.039957 -0.100000 -0.005100  0.000000  0.000000 -0.318799
 0.039957 -0.100000  0.005100  0.000000  0.000000 -0.318799

 0.039957  0.100000 -0.004100  0.000000  0.000000 -0.318799
 0.039957  0.100000  0.004500  0.000000  0.000000 -0.318799
 0.039957 -0.100000 -0.004100  0.000000  0.000000 -0.318799
 0.039957 -0.100000  0.004500  0.000000  0.000000 -0.318799

 0.039957  0.100000 -0.003900  0.000000  0.000000  2.076951
 0.039957  0.100000  0.004300  0.000000  0.000000  2.076951
 0.039957 -0.100000 -0.003900  0.000000  0.000000  2.076951
 0.039957 -0.100000  0.004300  0.000000  0.000000  2.076951

 0.040795  0.100000 -0.005100  0.000000  0.000000 -0.318799
 0.040795  0.100000  0.005100  0.000000  0.000000 -0.318799
 0.040795 -0.100000 -0.005100  0.000000  0.000000 -0.318799
 0.040795 -0.100000  0.005100  0.000000  0.000000 -0.318799

 0.040795  0.100000 -0.004100  0.000000  0.000000 -0.318799
 0.040795  0.100000  0.004500  0.000000  0.000000 -0.318799
 0.040795 -0.100000 -0.004100  0.000000  0.000000 -0.318799
 0.040795 -0.100000  0.004500  0.000000  0.000000 -0.318799

 0.040795  0.100000 -0.003900  0.000000  0.000000  2.601450
 0.040795  0.100000  0.004300  0.000000  0.000000  2.601450
 0.040795 -0.100000 -0.003900  0.000000  0.000000  2.601450
 0.040795 -0.100000  0.004300  0.000000  0.000000  2.601450

 0.041632  0.100000 -0.005100  0.000000  0.000000 -0.318799
 0.041632  0.100000  0.005100  0.000000  0.000000 -0.318799
 0.041632 -0.100000 -0.005100  0.000000  0.000000 -0.318799
 0.041632 -0.100000  0.005100  0.000000  0.000000 -0.318799

 0.041632  0.100000 -0.004100  0.000000  0.000000 -0.318799
 0.041632  0.100000  0.004500  0.000000  0.000000 -0.318799
 0.041632 -0.100000 -0.004100  0.000000  0.000000 -0.318799
 0.041632 -0.100000  0.004500  0.000000  0.000000 -0.318799

 0.041632  0.100000 -0.003900  0.000000  0.000000  3.046375
 0.041632  0.100000  0.004300  0.000000  0.000000  3.046375
 0.041632 -0.100000 -0.003900  0.000000  0.000000  3.046375
 0.041632 -0.100000  0.004300  0.000000  0.000000  3.046375

 0.042469  0.100000 -0.005100  0.000000  0.000000 -0.318799
 0.042469  0.100000  0.005100  0.000000  0.000000 -0.318799
 0.042469 -0.100000 -0.005100  0.000000  0.000000 -0.318799
 0.042469 -0.100000  0.005100  0.000000  0.000000 -0.318799

 0.042469  0.100000 -0.004100  0.000000  0.000000 -0.318799
 0.042469  0.100000  0.004500  0.000000  0.000000 -0.318799
 0.042469 -0.100000 -0.004100  0.000000  0.000000 -0.318799
 0.042469 -0.100000  0.004500  0.000000  0.000000 -0.318799

 0.042469  0.100000 -0.003900  0.000000  0.000000  3.376305
 0.042469  0.100000  0.004300  0.000000  0.000000  3.376305
 0.042469 -0.100000 -0.003900  0.000000  0.000000  3.376305
 0.042469 -0.100000  0.004300  0.000000  0.000000  3.376305

 0.043307  0.100000 -0.005100  0.000000  0.000000 -0.318799
 0.043307  0.100000  0.005100  0.000000  0.000000 -0.318799
 0.043307 -0.100000 -0.005100  0.000000  0.000000 -0.318799
 0.043307 -0.100000  0.005100  0.000000  0.000000 -0.318799

 0.043307  0.100000 -0.004100  0.000000  0.000000 -0.318799
 0.043307  0.100000  0.004500  0.000000  0.000000 -0.318799
 0.043307 -0.100000 -0.004100  0.000000  0.000000 -0.318799
 0.043307 -0.100000  0.004500  0.000000  0.000000 -0.318799

 0.043307  0.100000 -0.003900  0.000000  0.000000  3.647508
 0.043307  0.100000  0.004300  0.000000  0.000000  3.647508
 0.043307 -0.100000 -0.003900  0.000000  0.000000  3.647508
 0.043307 -0.100000  0.004300  0.000000  0.000000  3.647508

 0.044144  0.100000 -0.005100  0.000000  0.000000 -0.318799
 0.044144  0.100000  0.005100  0.000000  0.000000 -0.318799
 0.044144 -0.100000 -0.005100  0.000000  0.000000 -0.318799
 0.044144 -0.100000  0.005100  0.000000  0.000000 -0.318799

 0.044144  0.100000 -0.004100  0.000000  0.000000 -0.318799
 0.044144  0.100000  0.004500  0.000000  0.000000 -0.318799
 0.044144 -0.100000 -0.004100  0.000000  0.000000 -0.318799
 0.044144 -0.100000  0.004500  0.000000  0.000000 -0.318799

 0.044144  0.100000 -0.003900  0.000000  0.000000  3.859963
 0.044144  0.100000  0.004300  0.000000  0.000000  3.859963
 0.044144 -0.100000 -0.003900  0.000000  0.000000  3.859963
 0.044144 -0.100000  0.004300  0.000000  0.000000  3.859963

 0.044982  0.100000 -0.005100  0.000000  0.000000 -0.318799
 0.044982  0.100000  0.005100  0.000000  0.000000 -0.318799
 0.044982 -0.100000 -0.005100  0.000000  0.000000 -0.318799
 0.044982 -0.100000  0.005100  0.000000  0.000000 -0.318799

 0.044982  0.100000 -0.004100  0.000000  0.000000 -0.318799
 0.044982  0.100000  0.004500  0.000000  0.000000 -0.318799
 0.044982 -0.100000 -0.004100  0.000000  0.000000 -0.318799
 0.044982 -0.100000  0.004500  0.000000  0.000000 -0.318799

 0.044982  0.100000 -0.003900  0.000000  0.000000  4.013472
 0.044982  0.100000  0.004300  0.000000  0.000000  4.013472
 0.044982 -0.100000 -0.003900  0.000000  0.000000  4.013472
 0.044982 -0.100000  0.004300  0.000000  0.000000  4.013472

 0.045819  0.100000 -0.005100  0.000000  0.000000 -0.318799
 0.045819  0.100000  0.005100  0.000000  0.000000 -0.318799
 0.045819 -0.100000 -0.005100  0.000000  0.000000 -0.318799
 0.045819 -0.100000  0.005100  0.000000  0.000000 -0.318799

 0.045819  0.100000 -0.004100  0.000000  0.000000 -0.318799
 0.045819  0.100000  0.004500  0.000000  0.000000 -0.318799
 0.045819 -0.100000 -0.004100  0.000000  0.000000 -0.318799
 0.045819 -0.100000  0.004500  0.000000  0.000000 -0.318799

 0.045819  0.100000 -0.003900  0.000000  0.000000  4.108253
 0.045819  0.100000  0.004300  0.000000  0.000000  4.108253
 0.045819 -0.100000 -0.003900  0.000000  0.000000  4.108253
 0.045819 -0.100000  0.004300  0.000000  0.000000  4.108253

 0.046656  0.100000 -0.005100  0.000000  0.000000 -0.318799
 0.046656  0.100000  0.005100  0.000000  0.000000 -0.318799
 0.046656 -0.100000 -0.005100  0.000000  0.000000 -0.318799
 0.046656 -0.100000  0.005100  0.000000  0.000000 -0.318799

 0.046656  0.100000 -0.004100  0.000000  0.000000 -0.318799
 0.046656  0.100000  0.004500  0.000000  0.000000 -0.318799
 0.046656 -0.100000 -0.004100  0.000000  0.000000 -0.318799
 0.046656 -0.100000  0.004500  0.000000  0.000000 -0.318799

 0.046656  0.100000 -0.003900  0.000000  0.000000  4.144306
 0.046656  0.100000  0.004300  0.000000  0.000000  4.144306
 0.046656 -0.100000 -0.003900  0.000000  0.000000  4.144306
 0.046656 -0.100000  0.004300  0.000000  0.000000  4.144306

 0.047494  0.100000 -0.005100  0.000000  0.000000 -0.318799
 0.047494  0.100000  0.005100  0.000000  0.000000 -0.318799
 0.047494 -0.100000 -0.005100  0.000000  0.000000 -0.318799
 0.047494 -0.100000  0.005100  0.000000  0.000000 -0.318799

 0.047494  0.100000 -0.004100  0.000000  0.000000 -0.318799
 0.047494  0.100000  0.004500  0.000000  0.000000 -0.318799
 0.047494 -0.100000 -0.004100  0.000000  0.000000 -0.318799
 0.047494 -0.100000  0.004500  0.000000  0.000000 -0.318799

 0.047494  0.100000 -0.003900  0.000000  0.000000  4.121632
 0.047494  0.100000  0.004300  0.000000  0.000000  4.121632
 0.047494 -0.100000 -0.003900  0.000000  0.000000  4.121632
 0.047494 -0.100000  0.004300  0.000000  0.000000  4.121632

 0.063204  0.100000 -0.005100  0.000000  0.000000 -0.318799
 0.063204  0.100000  0.005100  0.000000  0.000000 -0.318799
 0.063204 -0.100000 -0.005100  0.000000  0.000000 -0.318799
 0.063204 -0.100000  0.005100  0.000000  0.000000 -0.318799

 0.063204  0.100000 -0.004100  0.000000  0.000000 -0.318799
 0.063204  0.100000  0.004500  0.000000  0.000000 -0.318799
 0.063204 -0.100000 -0.004100  0.000000  0.000000 -0.318799
 0.063204 -0.100000  0.004500  0.000000  0.000000 -0.318799

 0.063204  0.100000 -0.003900  0.000000  0.000000 -0.318799
 0.063204  0.100000  0.004300  0.000000  0.000000 -0.318799
 0.063204 -0.100000 -0.003900  0.000000  0.000000 -0.318799
 0.063204 -0.100000  0.004300  0.000000  0.000000 -0.318799

  0.006354  0.006462  0.007299  0.008137  0.008974  0.009812  0.010649  0.011486  0.012324  0.013161  0.013998  0.014836  0.015673  0.016511  0.017348  0.018185  0.019023  0.019860  0.020697  0.021535  0.022372  0.023210  0.024047  0.024884  0.025722  0.026559  0.027397  0.028234  0.029071  0.029909  0.030746  0.031583  0.032421  0.033258  0.034096  0.034933  0.035770  0.036608  0.037445  0.038282  0.039120  0.039957  0.040795  0.041632  0.042469  0.043307  0.044144  0.044982  0.045819  0.046656  0.047494  0.063204